a: 11.11111111111111
workd: 11.11111111111111
haha: 11.11111111111111
test: 11.11111111111111
will: 11.11111111111111
fine: 11.11111111111111
this: 22.22222222222222
is: 11.11111111111111
just: 11.11111111111111
